261.jpg	20 75 190 190
127.jpg	26 69 136 136
345.jpg	32 64 145 145
174.jpg	35 77 148 148
395.jpg	25 81 179 179
358.jpg	19 53 152 152
313.jpg	17 62 186 186
323.jpg	21 72 158 158
271.jpg	20 67 167 167
487.jpg	37 80 168 168
349.jpg	34 73 167 167
274.jpg	27 66 152 152
497.jpg	30 82 179 179	69 222 104 104
198.jpg	17 71 191 191
294.jpg	24 65 182 182
50.jpg	23 71 167 167
357.jpg	10 69 157 157
122.jpg	17 77 183 183
93.jpg	16 70 189 189
114.jpg	29 48 113 113
355.jpg	28 85 176 176
111.jpg	8 71 182 182
139.jpg	28 77 161 161
423.jpg	19 46 113 113
190.jpg	31 84 187 187
319.jpg	23 57 173 173
194.jpg	7 46 119 119
108.jpg	40 75 166 166
418.jpg	11 44 128 128
237.jpg	22 73 170 170
140.jpg	30 74 179 179
328.jpg	19 72 153 153
491.jpg	36 78 173 173
273.jpg	37 68 161 161
65.jpg	22 54 130 130
397.jpg	23 62 182 182
217.jpg	35 65 202 202
170.jpg	45 78 155 155
318.jpg	26 73 172 172
250.jpg	41 66 173 173
180.jpg	32 74 181 181
224.jpg	18 63 157 157
56.jpg	31 71 170 170
431.jpg	20 44 135 135
469.jpg	29 61 176 176
348.jpg	27 78 190 190
461.jpg	26 62 143 143
359.jpg	28 63 146 146
9.jpg	17 59 171 171
49.jpg	19 75 171 171
270.jpg	23 84 196 196
500.jpg	27 68 180 180
381.jpg	17 71 128 128
436.jpg	11 34 109 109
53.jpg	27 93 183 183
236.jpg	31 75 191 191
175.jpg	18 64 186 186
388.jpg	37 74 178 178
365.jpg	14 54 145 145
228.jpg	19 72 170 170
411.jpg	13 60 126 126
213.jpg	35 79 175 175
129.jpg	76 196 94 94	50 78 150 150
460.jpg	87 50 154 154
263.jpg	25 81 165 165
20.jpg	20 72 172 172
109.jpg	13 55 214 214
230.jpg	19 42 144 144
24.jpg	27 69 164 164
442.jpg	12 53 126 126
287.jpg	24 75 188 188
177.jpg	23 79 163 163
281.jpg	20 66 154 154
51.jpg	16 68 185 185
366.jpg	17 46 146 146
255.jpg	22 58 152 152
496.jpg	29 80 161 161
354.jpg	31 76 190 190
401.jpg	14 45 106 106
279.jpg	14 57 144 144
44.jpg	23 59 137 137
85.jpg	19 79 174 174
37.jpg	24 74 183 183
41.jpg	26 79 188 188
32.jpg	32 87 198 198
126.jpg	33 86 161 161
210.jpg	29 78 163 163
305.jpg	16 57 140 140
197.jpg	30 77 190 190
410.jpg	7 50 137 137
452.jpg	18 72 137 137
315.jpg	22 57 141 141
459.jpg	20 68 132 132
131.jpg	46 77 164 164
138.jpg	33 61 156 156
297.jpg	38 71 149 149
422.jpg	13 51 127 127
182.jpg	27 64 175 175
352.jpg	16 62 147 147
124.jpg	11 52 151 151
403.jpg	11 39 118 118
268.jpg	24 72 155 155
408.jpg	14 62 136 136
141.jpg	28 73 169 169
235.jpg	10 65 142 142
105.jpg	33 85 179 179
25.jpg	19 77 191 191
256.jpg	20 62 143 143
320.jpg	10 71 167 167
48.jpg	15 94 201 201
312.jpg	23 63 153 153
293.jpg	24 66 174 174
112.jpg	14 41 111 111
424.jpg	9 52 132 132
394.jpg	24 60 177 177
183.jpg	39 84 165 165
407.jpg	12 48 112 112
247.jpg	19 56 141 141
475.jpg	26 71 190 190
83.jpg	22 78 178 178
339.jpg	19 78 200 200
326.jpg	29 68 172 172
304.jpg	22 64 137 137
99.jpg	27 64 171 171
73.jpg	29 83 199 199
468.jpg	9 25 160 160
226.jpg	25 79 149 149
195.jpg	30 76 170 170
128.jpg	43 71 143 143
219.jpg	25 68 185 185
95.jpg	15 58 176 176
15.jpg	19 79 173 173
405.jpg	7 41 114 114
90.jpg	21 80 180 180
76.jpg	17 65 134 134
135.jpg	26 78 155 155
324.jpg	22 59 136 136
244.jpg	14 66 168 168
368.jpg	18 62 179 179
35.jpg	21 81 196 196
87.jpg	24 61 174 174
276.jpg	23 61 143 143
84.jpg	25 75 176 176
55.jpg	17 66 143 143
101.jpg	20 60 155 155
278.jpg	18 62 169 169
234.jpg	17 69 161 161
193.jpg	10 44 129 129
242.jpg	20 70 177 177
130.jpg	38 58 118 118
409.jpg	15 52 130 130
321.jpg	22 85 196 196
30.jpg	26 88 192 192
450.jpg	21 58 116 116
71.jpg	19 59 137 137
10.jpg	18 79 184 184
172.jpg	33 73 163 163
67.jpg	25 73 201 201
451.jpg	16 62 133 133
284.jpg	41 78 180 180
203.jpg	23 61 165 165
211.jpg	23 61 162 162
43.jpg	19 78 194 194
375.jpg	26 67 145 145
350.jpg	26 86 185 185
11.jpg	26 76 192 192
498.jpg	25 66 187 187
253.jpg	34 92 190 190
286.jpg	15 64 170 170
399.jpg	24 64 178 178
82.jpg	16 74 177 177
6.jpg	17 61 171 171
115.jpg	19 47 104 104
199.jpg	67 205 87 87	27 66 171 171
161.jpg	34 73 168 168
481.jpg	34 77 168 168
439.jpg	15 50 111 111
188.jpg	26 66 137 137
165.jpg	32 73 169 169
480.jpg	25 76 172 172
336.jpg	22 78 184 184
222.jpg	12 66 172 172
262.jpg	22 63 202 202
296.jpg	31 43 146 146
435.jpg	18 54 132 132
473.jpg	27 72 157 157
38.jpg	10 90 214 214
118.jpg	22 67 154 154
432.jpg	14 43 147 147
448.jpg	21 63 137 137
59.jpg	23 67 142 142
137.jpg	42 112 170 170
147.jpg	39 85 156 156
74.jpg	34 83 190 190
351.jpg	25 85 194 194
168.jpg	37 78 176 176
341.jpg	18 83 179 179
389.jpg	31 81 180 180
225.jpg	21 54 140 140
80.jpg	38 76 190 190
68.jpg	30 80 190 190
347.jpg	22 85 177 177
453.jpg	13 61 131 131
483.jpg	36 91 171 171
106.jpg	11 77 169 169
200.jpg	29 79 194 194
4.jpg	20 52 181 181
158.jpg	27 67 190 190
166.jpg	21 57 149 149
417.jpg	10 51 120 120
406.jpg	6 36 123 123
238.jpg	26 65 197 197
207.jpg	27 75 193 193
441.jpg	22 57 123 123
98.jpg	21 74 180 180
472.jpg	31 76 170 170
191.jpg	39 101 172 172
81.jpg	23 58 133 133
171.jpg	28 72 151 151
447.jpg	21 52 124 124
299.jpg	24 64 137 137
361.jpg	28 76 179 179
292.jpg	19 67 175 175
438.jpg	13 58 131 131
31.jpg	22 84 205 205
322.jpg	22 71 151 151
169.jpg	23 69 154 154
413.jpg	12 49 120 120
340.jpg	18 74 197 197
264.jpg	14 44 140 140
153.jpg	21 62 171 171
290.jpg	30 90 192 192
343.jpg	23 74 159 159
18.jpg	22 60 176 176
21.jpg	21 63 175 175
282.jpg	31 77 166 166
277.jpg	15 72 163 163
2.jpg	25 72 170 170
420.jpg	7 43 113 113
283.jpg	17 68 176 176
412.jpg	15 53 132 132
215.jpg	10 58 141 141
62.jpg	15 55 137 137
239.jpg	34 80 182 182
306.jpg	21 70 170 170
346.jpg	24 63 160 160
317.jpg	27 97 171 171
455.jpg	18 49 132 132
338.jpg	9 56 146 146
434.jpg	11 52 146 146
426.jpg	19 62 131 131
337.jpg	31 76 148 148
125.jpg	27 77 146 146
176.jpg	32 86 194 194
13.jpg	20 86 191 191
272.jpg	31 80 200 200
159.jpg	32 51 164 164
221.jpg	28 76 141 141
275.jpg	18 73 183 183
186.jpg	20 58 210 210
144.jpg	24 71 192 192
160.jpg	47 77 152 152
100.jpg	21 65 168 168
214.jpg	27 77 198 198
402.jpg	14 34 109 109
370.jpg	20 66 152 152
14.jpg	17 57 181 181
444.jpg	16 51 127 127
316.jpg	33 91 173 173
374.jpg	23 90 176 176
414.jpg	8 49 132 132
383.jpg	25 87 183 183
331.jpg	28 85 174 174
3.jpg	22 66 176 176
289.jpg	26 73 172 172
445.jpg	18 59 137 137
110.jpg	30 58 175 175
385.jpg	38 70 179 179
342.jpg	18 57 197 197
479.jpg	22 67 172 172
107.jpg	29 79 179 179
252.jpg	28 60 143 143
254.jpg	26 73 183 183
308.jpg	29 64 144 144
291.jpg	26 47 149 149
155.jpg	20 71 171 171
310.jpg	25 64 154 154
64.jpg	18 55 144 144
94.jpg	30 72 191 191
430.jpg	10 52 138 138
485.jpg	22 62 190 190
429.jpg	17 56 137 137
206.jpg	31 61 186 186
416.jpg	10 41 118 118
379.jpg	21 79 127 127
23.jpg	25 71 185 185
288.jpg	23 74 186 186
384.jpg	28 64 178 178
307.jpg	22 66 178 178
173.jpg	25 71 170 170
463.jpg	17 51 125 125
77.jpg	24 56 138 138
265.jpg	24 69 153 153
40.jpg	14 94 194 194
5.jpg	16 69 165 165
493.jpg	43 81 158 158
334.jpg	25 66 163 163
300.jpg	21 61 132 132
72.jpg	16 60 137 137
102.jpg	21 63 167 167
212.jpg	19 60 154 154
75.jpg	28 87 189 189
133.jpg	25 71 134 134
33.jpg	22 64 133 133
302.jpg	18 42 134 134
266.jpg	22 47 145 145
78.jpg	24 53 137 137
1.jpg	32 88 193 193
280.jpg	38 73 163 163
187.jpg	19 58 169 169
333.jpg	32 75 158 158
192.jpg	37 75 154 154
353.jpg	35 62 152 152
390.jpg	29 71 164 164
398.jpg	33 63 156 156
91.jpg	19 57 133 133
387.jpg	35 60 154 154
179.jpg	28 77 199 199
120.jpg	14 72 178 178
396.jpg	24 73 194 194
376.jpg	23 85 189 189
404.jpg	12 42 112 112
454.jpg	9 39 103 103
467.jpg	18 53 140 140
269.jpg	16 53 165 165
476.jpg	26 79 180 180
148.jpg	33 76 185 185
421.jpg	11 43 117 117
231.jpg	15 49 171 171
386.jpg	25 68 180 180
437.jpg	23 61 124 124
241.jpg	17 40 153 153
216.jpg	19 75 150 150
7.jpg	21 58 183 183
335.jpg	18 72 186 186
52.jpg	15 80 171 171
489.jpg	33 86 166 166
332.jpg	10 70 201 201
327.jpg	25 62 143 143
449.jpg	17 65 136 136
364.jpg	27 96 191 191
492.jpg	36 104 168 168
330.jpg	28 98 183 183
382.jpg	14 53 130 130
96.jpg	26 63 193 193
470.jpg	22 78 171 171
79.jpg	25 63 136 136
309.jpg	16 60 178 178
89.jpg	18 93 207 207
220.jpg	28 59 167 167
464.jpg	15 46 128 128
164.jpg	32 69 168 168
462.jpg	22 50 145 145
285.jpg	22 61 134 134
63.jpg	26 65 194 194
298.jpg	22 74 172 172
17.jpg	19 63 172 172
380.jpg	38 79 180 180
248.jpg	20 50 140 140
29.jpg	35 66 183 183
218.jpg	24 55 138 138
311.jpg	24 63 143 143
132.jpg	22 57 141 141
209.jpg	28 66 200 200
54.jpg	18 99 178 178
47.jpg	15 57 214 214
116.jpg	24 67 159 159
251.jpg	37 68 187 187
243.jpg	20 82 188 188
393.jpg	22 76 187 187
16.jpg	17 68 170 170
245.jpg	25 93 183 183
70.jpg	22 57 136 136
46.jpg	28 76 171 171
205.jpg	44 76 184 184
92.jpg	18 79 183 183
400.jpg	26 68 173 173
360.jpg	30 71 164 164
42.jpg	22 98 200 200
154.jpg	25 58 160 160
19.jpg	22 75 183 183
440.jpg	15 46 119 119
57.jpg	23 68 167 167
428.jpg	15 63 133 133
377.jpg	33 64 175 175
369.jpg	25 65 146 146
391.jpg	24 75 177 177
246.jpg	26 56 130 130
482.jpg	34 88 166 166
490.jpg	31 90 189 189
202.jpg	16 57 135 135
69.jpg	25 60 127 127
458.jpg	29 63 130 130
229.jpg	22 67 172 172
373.jpg	20 69 169 169
142.jpg	16 40 146 146
196.jpg	13 48 160 160
167.jpg	16 62 148 148
208.jpg	21 62 145 145
150.jpg	36 68 138 138
39.jpg	25 96 191 191
259.jpg	22 64 179 179
45.jpg	20 61 221 221
134.jpg	70 220 98 98	35 88 165 165
61.jpg	25 71 194 194
178.jpg	27 77 178 178
295.jpg	17 62 147 147
474.jpg	27 72 180 180
136.jpg	30 73 152 152
314.jpg	31 52 140 140
363.jpg	32 54 145 145
419.jpg	6 50 134 134
104.jpg	9 40 141 141
22.jpg	31 76 198 198
146.jpg	25 81 177 177
425.jpg	14 58 115 115
378.jpg	27 80 191 191
478.jpg	29 65 190 190
162.jpg	28 69 160 160
149.jpg	37 70 156 156
329.jpg	18 55 144 144
344.jpg	27 65 142 142
260.jpg	21 52 176 176
143.jpg	44 88 153 153
119.jpg	14 39 104 104
227.jpg	21 81 183 183
28.jpg	18 60 165 165
267.jpg	29 71 176 176
446.jpg	23 48 119 119
145.jpg	39 76 140 140
495.jpg	24 72 172 172
232.jpg	22 75 192 192
456.jpg	17 54 138 138
486.jpg	24 83 174 174
494.jpg	27 68 188 188
181.jpg	25 71 171 171
156.jpg	29 72 181 181
499.jpg	28 85 175 175
223.jpg	29 86 173 173
66.jpg	19 58 147 147
157.jpg	26 61 175 175
189.jpg	31 69 123 123
34.jpg	34 75 187 187
117.jpg	21 83 190 190
152.jpg	36 97 161 161
477.jpg	29 78 193 193
113.jpg	28 71 202 202
240.jpg	19 68 194 194
86.jpg	21 74 174 174
123.jpg	22 76 190 190
356.jpg	8 37 151 151
151.jpg	36 76 153 153
36.jpg	16 72 200 200
26.jpg	19 62 170 170
433.jpg	16 53 119 119
325.jpg	29 80 175 175
371.jpg	20 66 141 141
27.jpg	20 44 171 171
163.jpg	30 77 177 177
257.jpg	21 76 180 180
443.jpg	18 55 122 122
362.jpg	25 53 131 131
258.jpg	15 55 143 143
427.jpg	13 61 141 141
488.jpg	27 86 182 182
303.jpg	29 66 171 171
457.jpg	26 62 133 133
466.jpg	13 67 160 160
484.jpg	29 76 203 203
121.jpg	32 92 191 191
97.jpg	25 70 177 177
184.jpg	32 71 177 177
233.jpg	30 67 165 165
367.jpg	20 61 157 157
249.jpg	27 53 135 135
204.jpg	17 73 170 170
103.jpg	16 87 169 169
185.jpg	31 60 167 167
8.jpg	19 73 176 176
392.jpg	37 74 163 163
465.jpg	16 57 128 128
58.jpg	19 72 170 170
372.jpg	19 68 161 161
415.jpg	12 46 123 123
60.jpg	16 60 144 144
12.jpg	22 65 137 137
88.jpg	13 48 111 111
201.jpg	9 73 205 205
301.jpg	22 67 194 194
471.jpg	31 81 160 160
